4206901380
4206901260
4206870660
4206870540
4206839940
4206839820
4206809220
4206809100
4206778500
4206778380
4206747780
4206747660
4206717060
4206716940
4206686340
4206686220
4206655620
4206655500
4206624900
4206624780
4206594180
4206594060
4206563460
4206563340
4206532740
4206532620
4206502020
4206501900
4206471300
4206471180
4206440580
4206440460
4206409860
4206409740
4206379140
4206379020
4206348420
4206348300
4206317700
4206317580
4206286980
4206286860
4206256260
4206256140
4206225540
4206225420
4206194820
4206194700
4206164100
4206163980
4206133380
4206133260
4206102660
4206102540
4206071940
4206071820
4206041220
4206041100
4206010500
4206010380
4205979780
4205979660
4205949060
4205948940
4205918340
4205918220
4205887620
4205887500
4205856900
4205856780
4205826180
4205826060
4205795460
4205795340
4205764740
4205764620
4205734020
4205733900
4205703300
4205703180
4205672580
4205672460
4205641860
4205641740
4205611140
4205611020
4205580420
4205580300
4205549700
4205549580
4205518980
4205518860
4205488260
4205488140
4205457540
4205457420
4205426820
4205426700
4205396100
4205395980
4205365380
4205365260
4205334660
4205334540
4205303940
4205303820
4205273220
4205273100
4205242500
4205242380
4205211780
4205211660
4205181060
4205180940
4205150340
4205150220
4205119620
4205119500
4205088900
4205088780
4205058180
4205058060
4205027460
4205027340
4204996740
4204996620
4204966020
4204965900
4204935300
4204935180
4204904580
4204904460
4204873860
4204873740
4204843140
4204843020
4204812420
4204812300
4204781700
4204781580
4204750980
4204750860
4204720260
4204720140
4204689540
4204689420
4204658820
4204658700
4204628100
4204627980
4204597380
4204597260
4204566660
4204566540
4204535940
4204535820
4204505220
4204505100
4204474500
4204474380
4204443780
4204443660
4204413060
4204412940
4204382340
4204382220
4204351620
4204351500
4204320900
4204320780
4204290180
4204290060
4204259460
4204259340
4204228740
4204228620
4204198020
4204197900
4204167300
4204167180
4204136580
4204136460
4204105860
4204105740
4204075140
4204075020
4204044420
4204044300
4204013700
4204013580
4203982980
4203982860
4203952260
4203952140
4203921540
4203921420
4203890820
4203890700
4203860100
4203859980